Country	Region	Area_km2	Population	GDP_dollar	GDP_per_capita	Capital	Latitude	Longitude	Latitude_deg	Longitude_deg	Sanitation_total	Sanitation_urban	Sanitation_rural	Drinking_total	Drinking_urban	Drinking_rural	Life_Expectancy_Male	Life_Expectancy_Female	School_Total	School_Male	School_Female	Housing_total	Housing_urban	Housing_rural	Unemployment_both	Unemployment_male	Unemployment_female	Marriage_male	Marriage_female	Contraceptives	Fertility	Youth_fertility	HIV_AIDS	HIV_rate_women	Illiteracy_male	Illiteracy_female	Employees_male	Employees_female	Employers_male	Employers_female	Own_account_male	Own_account_female	Family_worker_male	Family_worker_female	Density
Afghanistan	AS	647500	29928987	21500000000	800	Kabul	34.5167	69.2	N 34 deg 31	E 69 deg 12	12	25	8	13	19	11	45.8	46.3												5	7.5	132													46.2
Albania	EU	28748	3563112	17460000000	4900	Tirana	41.55	20.3667	N 41 deg 33	E 19 deg 82	91	99	85	97	99	95	70.9	76.7	11	11	12				15.2	13.2	18.3	27	23	75	2.3	16			0.6	0.5									123.9
Algeria	AF	2381740	32531853	2.12E+11	6600	Algiers	36.7833	2.05	N 36 deg 47	E 2 deg 03	92	99	81	89	94	82	69.7	72.2	11						27.3	26.6	31.4		26	64	2.5	9	9	16	6	14.4									13.7
Andorra	EU	468	70549	1900000000	26800	Andorra_la_Vella	42.5	1.5167	N 42 deg 30	E 1 deg 31	100	100	100	100	100	100																													150.7
Angola	AF	1246700	11827315	23170000000	2100	Luanda	-8.8	13.2333	S 8 deg 48	E 13 deg 14	44	70	30	38	34	40	39.2	42.2												6	6.8	143	240	59	17.3	37.4									9.5
Antigua_and_Barbuda	CA	443	68722	750000000	11000	Saint_Johns	17.1167	-61.85	N 17 deg 7	W 61 deg 51	95	98	94	91	95	89														53															155.1
Argentina	SA	2766890	39537943	4.84E+11	12400	Buenos_Aires	-34.6	-58.45	S 34 deg 36	W 58 deg 27							70.6	78.1	16	15	17				15.6	16.3	14.7	26	23		2.4	61	130	20	1.3	0.9	66	79	5	2	27	18	1	2	14.3
Armenia	AS	29800	2982904	13650000000	4600	Yerevan	40.1667	44.5167	N 40 deg 10	E 44 deg 31							67.9	74.6	11	10	11				10.1	5.9	14.2		23	61	1.3	31	3	36	0.2	0.1	76	87	3	0	19	12	1	1	100.1
Australia	AU	7686850	20090437	6.12E+11	30700	Canberra	-35.2833	149.1333	S 35 deg 17	E 149 deg 08	100	100	100	100	100	100	77.6	82.8	20	19	20				6.3	6.5	6.1	31	29	76	1.7	16	14	7			84	90	4	2	12	7	0	1	2.6
Austria	EU	83870	8184691	2.56E+11	31300	Vienna	48.2	16.3667	N 48 deg 12	E 16 deg 22	100	100	100	100	100	100	75.9	81.7	15	14	15	0.7	0.7	0.7	4.3	4.3	4.2	29	26	47	1.4	14	10	22			86	89	7	4	5	5	1	3	97.6
Azerbaijan	AS	86600	7911974	30010000000	3800	Baku	40.3833	49.85	N 40 deg 23	E 49 deg 51	81	90	70	78	93	58	63.2	70.5	10	11	10	2.1	1.9	2.3	1.4	1.3	1.6	27	24	55	1.9	32	1		0.1	0.1									91.4
Bahamas	CA	13940	301790	5295000000	17700	Nassau	24.0667	-77.3333	N 24 deg 4	W 77 deg 20	100	100	100	97	98	86	66.2	72.7				1.3	1.3	1.1	10.8	10.8	10	29	27	62	2.3	61	6	48			83	88							21.6
Bahrain	ME	665	688345	13010000000	19200	Manama	26.2167	50.5833	N 26 deg 13	E 50 deg 35							72.9	75.8	13	12	13							28	26	62	2.5	18	1		0.8	0.7									1035.1
Bangladesh	AS	144000	144319628	2.76E+11	2000	Dhaka	23.7167	90.4167	N 23 deg 43	E 90 deg 25	48	71	41	97	99	97	61.8	63.4	8	8	8				3.3	3.2	3.3		19	54	3.2	132			42.2	58.9	15	8	0	0			10	73	1002.2
Barbados	CA	431	278870	4569000000	16400	Bridgetown	13.1167	-59.6167	N 13 deg 7	W 59 deg 37	100	100	100	100	100	100	71.1	78.3	14	14	15				11	9.6	12.6	34	32	55	1.5	43	3	32	0.2	0.2	80	91	1	0	18	8			647
Belarus	EU	207600	10300483	70500000000	6800	Minsk	53.9	27.5667	N 53 deg 54	E 27 deg 34				100	100	100	62.4	74	14	14	14				3	2.3	3.5	25	23	50	1.2	28			0.2	0.2	97	99	1	0	2	1	0	0	49.6
Belgium	EU	30528	10364388	3.16E+11	30600	Brussels	50.8333	4.3333	N 50 deg 50	E 4 deg 20							75.7	81.9	19	18	20	0.6		0.6	8.2	7.7	8.9	30	28	78	1.7	9	10	35			81	84					1	6	339.5
Belize	CA	22966	281084	1778000000	6500	Belmopan	17.25	-88.7667	N 17 deg 15	W 88 deg 46	50	71	25	92	100	82	69.5	74.5							10	7.5	15.3	28	26	47	3.2	87	4	37	16.1	15.4	62	71			34	25	3	4	12.2
Benin	AF	112620	7649360	8338000000	1200	Porto_Novo	6.4833	2.6167	N 6 deg 29	E 2 deg 37	23	46	6	63	74	55	53	54.5	7	9	5								20	19	5.9	136	68	56	41.8	67.5									67.9
Bhutan	AS	47000	2232291	2900000000	1400	Thimphu	28.4667	89.5833	N 28 deg 28	E 89 deg 35	70	65	70	62	86	60	61.5	63.9	7	8	7							24	21	19	4.4	38													47.5
Bolivia	SA	1098580	8857870	22330000000	2600	La_Paz	-16.5	-68.15	S 16 deg 30	W 68 deg 09	70	86	42	83	95	64	61.8	66	14				1.7		7.4	6.2	8.9	25	23	53	4	84	5	27	1.5	3.9	55	43	4	2	36	44	5	11	8.1
Bosnia_and_Herzegovina	EU	51129	4430494	26210000000	6500	Sarajevo	43.8667	18.4167	N 43 deg 52	E 18 deg 25							71.3	76.7												48	1.3	24	1		0.4	0.3									86.7
Botswana	AF	600370	1640115	15050000000	9200	Gaborone	-24.75	25.9167	S 24 deg 45	E 25 deg 55	66	88	43	95	100	90	36	37.1	12	11	12				19.6	16.4	23.9	31	27	40	3.2	79	350	58	14.5	7.2	83	82	4	3	11	14	1	1	2.7
Brazil	SA	8511965	186112794	1.49E+12	8100	Brasilia	-15.7833	-47.9167	S 15 deg 47	W 47 deg 55	76	84	43	87	95	53	66.4	74.4	15	14	15	0.7	0.7	0.8	9.4	7.5	11.9	25	23	77	2.3	90	660	37	4.4	2.3	55	59	3	2	24	13	3	4	21.9
Brunei	AS	5770	372361	6842000000	23600	Bandar_Seri_Begawan	4.75	114.9167	N 4 deg 45	E 114 deg 55							74.2	78.9	13	13	16							27	25		2.5	31	0	0	1.1	1.1									64.5
Bulgaria	EU	110910	7450349	61630000000	8200	Sofia	42.7	23.3333	N 42 deg 42	E 23 deg 20	100	100	100	100	100	100	68.8	75.6	12	12	13	1	1.2	0.8	13.7	14.1	13.2	25	21	42	1.2	46	1		1.7	1.9	82	88	5	2	12	7	1	3	67.2
Burkina_Faso	AF	274200	13491736	15740000000	1200	Ouagadougou	12.3667	-1.5167	N 12 deg 22	W 1 deg 31	29	39	27	42	66	37	46.7	48.1	3	4	3							26	19	14	6.7	165	300	56	74.5	86									49.2
Burma	AS	678500	46996558	74300000000	1700	Rangoon	16.7833	96.1667	N 16 deg 47	E 96 deg 10									7									26	25	33	2.5	21	330	30	4.4	6.8									69.3
Burundi	AF	27830	7795426	4001000000	600	Bujumbura	-3.3833	29.3667	S 3 deg 23	E 29 deg 22	88	68	90	78	91	77	42.5	44.4	5	6	5				14	15	13.2	26	22	16	6.8	50	250	59	24.4	30.5									280.1
Cambodia	AF	181040	13636398	26990000000	2000	Phnom_Penh	11.55	104.9167	N 11 deg 33	E 104 deg 55	17	56	10	30	54	26	52.1	59.6	9	10	8				1.8	1.5	2.2	24	22	24	4.1	51	170	30	12.1	21.1	19	14	0	0	49	33	32	53	75.3
Cameroon	AF	475440	16988132	30170000000	1900	Yaounde	3.8667	11.5167	N 3 deg 52	E 11 deg 31	79	92	66	58	78	39	45.1	46.5	9	10	8	1.2	1.2	1.3				27	20	19	4.6	122	560	56											35.7
Canada	NA	9984670	32805041	1.02E+12	31500	Ottawa	45.4167	-75.6667	N 45 deg 25	W 75 deg 40	100	100	99	100	100	99	77.3	82.4	16	16	16	0.5	0.5	0.5	7.6	8	7.2	30	27	75	1.5	15	56	24			81	89			19	11	0	0	3.3
Cape_Verde	AF	4033	418224	600000000	1400	Praia	14.9167	-23.5167	N 14 deg 55	W 23 deg 31	71	95	32	74	64	89	66.8	73	12	12	12							28	26	53	3.8	94			8	13.7									103.7
Central_African_Republic	AF	622984	4237703	4248000000	1100	Bangui	4.3667	18.5833	N 4 deg 22	E 18 deg 35	25	38	16	70	89	57	38.5	40.3										24	20	28	5	133	260	54	29.7	53.2									6.8
Chad	AF	1284000	9657069	15660000000	1600	NDjamena	12.1167	15.05	N 12 deg 07	E 15 deg 03	29	81	13	27	31	26	42.5	44.8	5	7	4							24	18	8	6.7	195	200	56	44.7	76.9									7.5
Chile	SA	756950	15980912	1.69E+11	10700	Santiago	-33.4333	-70.6667	S 33 deg 26	W 70 deg 40	96	96	97	93	99	58	74.8	80.8	14	14	13				7.4	6.9	8.3	26	23	30	2	62	26	33	1.2	0.8	66	73	4	2	29	22	1	3	21.1
China	AS	9596960	1306313812	7.26E+12	5600	Beijing	39.9333	116.4	N 39 deg 56	E 116 deg 24	40	69	27	75	94	66	69.8	73.3	10						4			25	23	84	1.7	5	840	23	0.8	1.5									136.1
Colombia	SA	1138910	42954279	2.81E+11	6600	Bogota	4.6	-74.0833	N 4 deg 36	W 74 deg 05	86	96	56	91	99	70	69.2	75.3	11	10	11	1.4	1.3	1.7	14.2	11	18.5	27	23	77	2.6	80	190	34	3.3	1.6	49	52	6	3	41	37	4	9	37.7
Comoros	AF	2170	671247	441000000	700	Moroni	-11.6833	43.2667	S 11 deg 41	E 43 deg 16	98	98	98	96	98	95	60.9	65.1	7	7	6							28	24	26	4.9	59			34.4	47.8									309.3
"Congo,_Democratic_Republic"	AF	2345410	60764490	42740000000	700	Kinshasa__	-4.4	15.4	S 4 deg 24	E 15 deg 24	21	54	6	45	89	26	42.1	44.1												31	6.7	230	1100	57	23.3	38.9									25.9
"Congo,_Republic"	AF	342000	3602269	2324000000	800	Brazzaville	-4.2333	15.2333	S 4 deg 14	E 15 deg 14		14		51	71	17	50.6	53.1	8												6.3	146	90	56	1.6	2.7									10.5
Costa_Rica	CA	51100	4016173	37970000000	9600	San_Jose	9.9333	-84.0833	N 9 deg 56	W 84 deg 5	93	89	97	95	99	92	75.8	80.6	11	11	11	0.9	0.8	1	6.7	5.8	8.2		21	80	2.3	78	12	33	1.9	1.3	69	71	11	5	19	20	2	4	78.6
Cote_d'Ivoire	AF	322460	17298040	24780000000	1500	Abidjan__	5.3167	-4.0333	N 5 deg 19	W 4 deg 02	52	71	35	81	92	72	45.2	46.8	6	8	5							28	22	15	5.1	133	570	57	30.5	48.5									53.6
Croatia	EU	56542	4495904	50330000000	11200	Zagreb	46.8	16	N 46 deg 48	E 16 deg 0							71.3	78.4	13	13	13	1.2			14.3	13.1	15.7	30	26		1.3	15	0		0.4	0.3	75	77	7	3	17	14	2	6	79.5
Cuba	CA	110860	11346670	33920000000	3000	Havana	23.1333	-82.3667	N 23 deg 08	W 82 deg 22	98	99	95	91	95	77	75.3	79.1	13	13	13	1	1	1							1.6	50	3	33	0.2	0.2									102.4
Cyprus	EU	9250	780133	15710000000	20300	Nicosia	35.1333	33.4667	N 35 deg 8	E 33 deg 28	100	100	100	100	100	100	76	81	13	13	13	0.6	0.6	0.7	4.1	3.8	4.6	27	23		1.6	8			0.3	0.2	70	84	9	1	20	8	1	7	84.3
Czech_Republic	EU	78866	10241138	1.72E+11	16800	Prague	40.9167	21	N 40 deg 55	E 21 deg 00							72.2	78.7	15	14	15	1	1.1	1	7.3	5.9	9	28	25	72	1.2	12	3	32			79	89	6	2	14	7	0	1	129.9
Denmark	EU	43094	5432335	1.74E+11	32200	Copenhagen	55.6667	12.5833	N 55 deg 40	E 12 deg 35				100	100	100	74.8	79.4	17	16	17				5.5	5	6.2	33	31	78	1.8	7	5	18			88	95			11	4	0	1	126.1
Djibouti	AF	23000	476703	619000000	1300	Djibouti	11.5	43.25	N 11 deg 30	E 43 deg 15	91	99	50	100	100	100	51.4	53.9	4	5	3										5.1	57	9	56											20.7
Dominica	CA	754	69029	384000000	5500	Roseau	15.3	-61.3833	N 15 deg 18	W 61 deg 23	83	86	75	97	100	90			12		12									50							61	71	15	6	22	19	1	3	91.6
Dominican_Republic	CA	48730	9049595	55680000000	6300	Santo_Domingo	18.5	-69.9833	N 18 deg 30	W 69 deg 59	67	70	60	86	90	78	63.7	70.9							15.6	9.4	26	26	21	70	2.7	93	88	27	6.9	5	48	68	4	2	46	28			185.7
East_Timor	AS	15007	1040880	370000000	400	Dili	-8.5667	125.5667	S 8 deg 34	E 125 deg 34							54.1	56.3	11												7.8	182													69.4
Ecuador	SA	283560	13363593	49510000000	3700	Quito	-0.2167	-78.5	S 0 deg 13	W 78 deg 30	86	92	74	85	90	75	71.3	77.2							11.5	9.1	15	25	22	66	2.8	85	21	34	3.6	3.5	60	55	8	4	28	32	3	9	47.1
Egypt	AF	1001450	77505756	3.16E+11	4200	Cairo	30.05	31.25	N 30 deg 03	E 31 deg 15	98	100	96	97	99	96	67.5	71.8	12			1.3	1.3	1.4	9.2	5.6	22.6	28	22	56	3.3	46	12	13	21	33.1	58	68	20	6	13	7	8	20	77.4
El_Salvador	CA	21040	6704932	32350000000	4900	San_Salvador	13.6667	-89.1667	N 13 deg 40	W 89 deg 10	82	89	76	77	91	64	67.7	73.7	11	11	11				6.9	9.2	3.5	25	22	67	2.9	87	29	34	10.4	11.9	62	42	6	3	22	36	8	9	318.7
Equatorial_Guinea	AF	28051	529034	1270000000	2700	Malabo	3.35	8.5	N 3 deg 21	E 8 deg 30	53	60	46	44	45	42	42.8	44.1	9	10	8										5.9	192			6.1	6.3									18.9
Eritrea	AF	121320	4669638	4154000000	900	Asmara	15.3333	38.9167	N 15 deg 20	E 38 deg 55	13	66	1	46	63	42	51.5	55.4	5	6	4							25	20	8	5.5	94	60	56											38.5
Estonia	EU	45226	1332893	19230000000	14300	Tallin	59.4333	24.75	N 59 deg 26	E 24 deg 45		93					65.4	76.9	16	14	17				10	10.2	9.9	25	22	70	1.4	24	8	34	0.3	0.2	88	94	4	2	8	4	0	0	29.5
Ethiopia	AF	1127127	73053286	54890000000	800	Addis_Ababa	9.0167	38.7333	N 9 deg 1 	E 38 deg 44	12	33	7	24	81	12	46.5	48.6	5	6	4							26	21	8	5.9	96	1500	55	37	48.2									64.8
Fiji	AU	18270	893354	5173000000	5900	Suva	-18.1667	178.45	S 18 deg 10	E 178 deg 27	43	75	12	47	43	51	65.6	70										26	23	40	2.9	41	1		0.9	0.6									48.9
Finland	EU	338145	5223442	1.51E+11	29000	Helsinki	60.1667	24.9667	N 60 deg 10	E 24 deg 58	100	100	100	100	100	100	75	81.7	18	17	19	0.8	0.8	1	9	9.2	8.9	32	30	77	1.7	11	2				82	91	16	8			0	0	15.4
France	EU	547030	60656178	1.74E+12	28700	Paris	48.8667	2.3333	N 48 deg 52	E 2 deg 20							75.8	83	15	15	16	0.7	0.7	0.7	9.7	8.7	10.9	32	30	75	1.9	14	120	27			89	94			11	6			110.9
Gabon	AF	267667	1394307	7966000000	5900	Libreville	0.3833	9.45	N 0 deg 23	E 9 deg 27	53	55	43	86	95	47	53.8	55.4	12	12	12				24.5	20.5	29.6	26	22	33	4	114	48	58											5.2
Gambia	AF	11300	1595086	2799000000	1800	Banjul	13.4667	-16.6	N 13 deg 28	W 16 deg 36							54	56.9				1.5	1.3	1.6				28	20	10	4.7	127	7	57											141.2
Georgia	AS	69700	4677401	14450000000	3100	Tbilisi	41.5667	44.8	N 41 deg 34	E 44 deg 48	100	100	99	79	90	61	66.5	74.3	11	11	11				11.5	11.5	11.5	..	24	41	1.5	35	3	33			34	34	2	1	44	26	20	39	67.1
Germany	EU	357021	82431390	2.36E+12	28700	Berlin	52.5167	13.4	N 52 deg 31	E 13 deg 24							75.6	81.4	16	16	16	0.5	0.5	0.5	10	10.4	9.5			75	1.3	11	43	22			86	92	7	3	7	4	0	2	230.9
Ghana	AF	239460	21946247	48270000000	2300	Accra	5.55	-0.2167	N 5 deg 33	W 0 deg 13	72	74	70	73	91	62	56.2	57.1	7	8	7							27	21	25	4.4	70	350	56			21	11	5	5	61	71	8	10	91.6
Greece	EU	131940	10668354	2.26E+11	21300	Athens	37.9833	23.7333	N 37 deg 59	E 23 deg 44							75.6	80.8	15	15	15				9.6	6.2	14.6	29	25		1.3	10	9	20	0.6	0.5	58	64	10	3	28	19	4	14	80.9
Grenada	CA	344	89502	440000000	5000	Saint_George_s	12.05	-61.75	N 12 deg 3 	W 61 deg 45	97	96	97	95	97	93														54															260.2
Guatemala	CA	108890	12013907	59470000000	4200	Guatemala	14.6333	-90.5167	N 14 deg 38	W 90 deg 31	81	83	79	92	98	88	63.4	70.8							1.8	1.6	2.3		20	43	4.6	115	78	42	13.6	21.6	31	26	7	2	30	37			110.3
Guinea	AF	245857	9452670	19500000000	2100	Malabo	3.75	8.7833	N 3 deg 45	E 8 deg 47	58	94	41	48	72	36	53.2	54	5	6	4							28	19	6	5.9	201	140	55											38.4
Guyana	SA	214970	765283	2899000000	3800	Georgetown	6.8333	-58.2	N 6 deg 50	W 58 deg 12	87	97	81	94	98	91	59.8	65.9				1.1	1.1	1.5				30	28	37	2.3	67	11	55											3.6
Haiti	CA	27750	8121622	12050000000	1500	Port_au_Prince	18.5333	-72.3333	N 18 deg 32	W 72 deg 20	28	50	16	46	49	45	50.6	52.3										27	22	28	4	64	280	58	34.2	33.5									292.7
Honduras	CA	112090	7167902	18790000000	2800	Tegucigalpa	14.1	-87.2167	N 14 deg 6	W 87 deg 13	75	93	55	88	95	81	65.6	69.7				2.2	1.8	2.6	4.2	4	4.8		20	62	3.7	103	63	56	13.1	9.1	46	48			41	42			63.9
Hong_Kong	AS	1092	6898686	2.35E+11	34200	Hong_Kong	22.2833	114.1333	N 22 deg 17	E 114 deg 08							78.6	84.6	14	14	14				7.9	9.3	"6,2"	31	29	86	0.9	5	3	35			83	93	7	2	10	3	0	1	6317.5
Hungary	EU	93030	10006835	1.49E+11	14900	Budapest	47.5	19.0833	N 47 deg 30	E 19 deg 05	99	100	98	99	100	98	68.4	76.7	15	15	16	0.8	0.8	0.8	5.3	6.1	5.6	29	26	77	1.3	22	3		0.6	0.4	83	91	7	3	9	5	0	1	107.6
Iceland	EU	103000	296737	9373000000	31900	Reykjavik	64.1333	-21.9333	N 64 deg 08	W 21 deg 56							78.7	82.5	18	16	19				3.3	"3,6"	2.9	33	31		2	19	1				76	91	9	3	14	6	0	0	2.9
India	AS	3287590	1080264388	3.32E+12	3100	New_Delhi	28.6	77.2	N 28 deg 36	E 77 deg 12	28	61	15	84	95	79	61.6	64.7	9	10	8	2.7	2.6	2.8	4.3	4.3	4.3	25	20	48	3.1	80	5100	38	15.8	32.3									328.6
Indonesia	AS	1919440	241973879	8.27E+11	3500	Jakarta	-6.1667	106.8	S 6 deg 10	E 106 deg 48	55	69	46	78	90	69	64.6	68.6	11	11	11				9.1			26	23	60	2.4	55	110	14	1.5	2.4	39	28	2	1	30	24	8	40	126.1
Iran	ME	1648000	68017860	5.17E+11	7700	Tehran	35.6667	51.4167	N 35 deg 40	E 51 deg 25	83	86	79	92	98	83	68.8	71.7	11	12	11				12.3	8.2	4.1	25	22	73	2.1	22	31	12	4.6	9.7	48	47	4	1	35	17	3	18	41.3
Iraq	ME	437072	26074906	54400000000	2100	Baghdad	33.35	44.4167	N 33 deg 21	E 44 deg 25	79	93	31	85	96	48	57.3	60.4	9	10	8	1.5	1.8	1				26	22	14	4.8	42	1		0.3	0.6									59.7
Ireland	EU	70280	4015676	1.26E+11	31900	Dublin	53.3333	-6.25	N 53 deg 20	W 6 deg 15							75.1	80.3	17	16	17				4.4	4.8	3.9	32	31		1.9	15	3	31			75	92	8	2	16	4	1	1	57.1
Israel	ME	20770	6276883	1.29E+11	20800	Jerusalem	31.7833	35.2333	N 31 deg 47	E 35 deg 14							77.5	81.6	16	15	16	1.2			10.7	10.2	11.3	28	25	68	2.9	16	3				82	91	7	2	9	5	0	1	302.2
Italy	EU	301230	58103033	1.61E+12	27700	Rom	41.9	12.4833	N 41 deg 54	E 12 deg 29							76.8	83	15	15	16				8.7	6.7	11.6	32	28	60	1.3	7	140	32			69	79	15	8	12	7	3	6	192.9
Jamaica	CA	10991	2735520	11130000000	4100	Kingston	18	-76.8	N 18 deg 00	W 76 deg 48	99	99	99	92	98	85	68.9	72.5	12	11	12				15.8	10.3	22.3	35	33	66	2.4	82	22	48	8.7	2.2	58	69	3	1	38	27	1	2	248.9
Japan	AS	377835	127417244	3.75E+12	29400	Tokyo	35.6667	139.75	N 35 deg 40	E 139 deg 45							78.3	85.3	15	15	14	0.8	0.8	0.7	5.3	5.5	4.9	31	29	59	1.3	4	12	24			85	84	4	1	10	5	2	9	337.2
Jordan	ME	92300	5759732	25500000000	4500	Amman	31.95	35.9333	N 31 deg 57	E 35 deg 56	99	100	98	96	100	84	69.8	72.8	13	13	13				13.2	11.8	20.7		25	56	3.5	27	1		0.7	1.1									62.4
Kazakhstan	AS	2717300	15185844	1.18E+11	7800	Astana	51.1667	71.5	N 51 deg 10	E 71 deg 30	99	100	98	91	98	82	57.8	68.9	13	12	13				8.8	7.2	10.4	26	23	66	2	31	17	34	0.2	0.1	63	58	1	0	33	40	1	1	5.6
Kenya	AF	582650	33829590	34680000000	1100	Nairobi	-1.2833	36.8167	S 1 deg 17	E 36 deg 49	87	96	82	57	88	42	47.9	46.2	9	9	8							26	22	39	5	97	1200	65	20.2	19.3									58.1
Kiribati	AU	811	103092	79000000	800	Bairiki	1.3167	172.9667	N 1 deg 19	E 172 deg 58	48	54	44	48	82	25	58.2	67.3												37															127.1
"Korea,_North"	AS	120540	22912177	40000000000	1700	Pyongyang__	39.0167	125.75	N 39 deg 01	E 125 deg 45	99	99	100	100	100	100	60.1	66.1	16	16	15																								190.1
"Korea,_South"	AS	98480	48640671	9.25E+11	19200	Seoul	37.5833	127	N 37 deg 35	E 127 deg 0	63	76	4	92	97	71	73.2	80.5				1.1	1.2	0.9	3.4	3.6	3.1	29	26	81	1.2	3	8	11			65	66					1	17	493.9
Kuwait	ME	17820	2335648	48000000000	21300	Kuwait	29.3333	47.9833	N 29 deg 20	E 47 deg 59							75.1	79.4	14	13	14	1.7			1.1	1	1.7	28	25	50	2.4	25			7.8	6.1									131.1
Kyrgyzstan	AS	198500	5146281	8495000000	1700	Bishkek	42.9	74.6	N 42 deg 54	E 74 deg 36	100	100	100	77	98	66	62.6	71.1	13	12	13				12.5	11.2	14.3	25	22	60	2.7	34	4		0.3	0.3	42	44	2	1	46	35	7	16	25.9
Laos	AS	236800	6217141	11280000000	1900	Vientiane	17.9667	102.6	N 17 deg 58	E 102 deg 36	30	67	19	37	61	29	53.3	55.8	9	10	8								21	32	4.8	91	2		17.4	25.3									26.3
Latvia	EU	64589	2290237	26530000000	11500	Riga	56.9667	24.1333	N 56 deg 58	E 24 deg 8							65.6	76.9	15	14	16				10.6	10.7	10.5	29	27	48	1.3	18	8	33	0.3	0.2	85	89	4	2	7	5	4	4	35.5
Lebanon	ME	10400	3826018	18830000000	5000	Beirut	33.8833	35.5	N 33 deg 53	E 35 deg 30	99	100	87	100	100	100	69.7	74	13	13	13									61	2.3	27	3												367.9
Lesotho	AF	30355	2031348	5892000000	3200	Maseru	-29.4667	27.5	S 29 deg 28	E 27 deg 30	49	72	40	78	88	74	34.9	38.1	11	10	11	2.1						26	21	30	3.6	39	320	57											66.9
Liberia	AF	111370	2900269	2903000000	900	Monrovia	6.3	-10.7833	N 6 deg 18	W 10 deg 47							41.4	43.5	10	11	9								20	6	6.8	227	100	56	13.7	44.6									26
Libya	AF	1759540	5765563	37480000000	6700	Tripoli	32.75	13.1833	N 32 deg 45	E 13 deg 11	97	97	96	72	72	68	71.4	76	16	16	17							32	29	40	3	7	10		0.2	6									3.3
Liechtenstein	EU	160	33717	825000000	25000	Vaduz	47.1333	9.5	N 47 deg 08	E 9 deg 30																					2														210.7
Lithuania	EU	65200	3596617	45230000000	12500	Vilnius	54.6833	25.2833	N 54 deg 41	E 25 deg 17							66.5	77.8	15	15	16				12.4	12.7	12.2	27	25	47	1.3	22	1		0.3	0.3	76	83			21	13	3	4	55.2
Luxembourg	EU	2586	468571	27270000000	58900	Luxembourg	49.6	6.1333	N 49 deg 36	E 6 deg 8							75.1	81.4	14	13	14				3.8			29	26		1.7	9	1				84	82	10	7			1	3	181.2
Macedonia	EU	25333	2045262	14400000000	7100	Skopje	42	21.4333	N 42 deg 0	E 21 deg 26									12	12	12				36.7	37	36.3	27	23		1.5	25	0		1	1.5	72	74	10	4	11	4	7	18	80.7
Madagascar	AF	587040	18040341	14560000000	800	Antananarivo	-18.8667	47.5	S 18 deg 52	E 47 deg 30	42	70	30	47	85	31	54	56.7	6	6	6				4.5	3.5	5.6		21	27	5.4	129	140	58	27.6	31.9	18	12	2	2	49	34	30	52	30.7
Malawi	AF	118480	12707464	7410000000	600	Lilongwe	-13.9833	33.7333	S 13 deg 59	E 33 deg 44	76	96	70	57	95	44	39.7	39.6	12	12	11							24	19	31	6.1	163	900	57	17.9	29.3	21	5	0	0	76	93	3	2	107.3
Malaysia	AS	329750	23953136	2.29E+11	9700	Kuala_Lumpur	3.1667	101.7	N 3 deg 10	E 101 deg 42			98			94	70.8	75.5	12	12	13				3.6	3.6	3.6	29	25	55	2.9	18	52	17	2.8	2.7									72.6
Maldives	AS	300	349106	1250000000	3900	Male	4.1667	73.5	N 4 deg 10	E 73 deg 30	56	100	41	100	100	100	66.9	65.8	12		12							26	22		4.3	70			0.9	0.8	21	29	5	1	55	35	1	3	1163.7
Mali	AF	1240000	11415261	11000000000	900	Bamako	12.65	-8	N 12 deg 39	W 8 deg 00	69	93	58	65	74	61	47.1	48.4	4									26	18	8	6.9	209	140	59	67.7	83.1									9.2
Malta	EU	316	398534	7223000000	18200	Valletta	35.9	14.5167	N 35 deg 54	E 14 deg 31	100	100	100	100	100	100	75.8	80.7	14	14	14				7.6	7.1	8.7	26	22		1.5	17	1		2.4	0.2	83	92	6		11	6			1261.2
Mauritania	AF	1030700	3086859	5534000000	1800	Nouakchott	18.1	-15.95	N 18 deg 06	W 15 deg 57	33	44	19	37	34	40	50.9	54.1	7	7	7							29	22	8	5.8	104	10	57	32.3	44.5									3
Mauritius	AF	2040	1230602	15680000000	12800	Port_Louis	-20.1667	57.5	S 20 deg 10	E 57 deg 30	99	100	99	100	100	100	68.7	75.6	12	12	12	1.2	1.1	1.3	10.2	9	12.6	28	24	75	2	33			6.3	4.6	79	91	5	2	15	5	0	2	603.2
Mayotte	AF	374	193633	466800000	2600	Mamoutzou	-12.7833	45.2333	S 12 deg 47	E 45 deg 14																																			517.7
Mexico	CA	1972550	106202903	1.01E+12	9600	Mexico_City	19.4	-99.15	N 19 deg 24	W 99 deg 09	74	88	34	88	95	69	72.4	77.4	12	12	12		1.4		2.1	2.1	2.3	25	23	68	2.4	70	160	33	2.1	2.7	62	62	5	2	26	24	7	12	53.8
Moldova	EU	33843	4455421	8581000000	1900	Chisinau	47	28.8333	N 47 deg 00	E 28 deg 50	99	100	98	92	97	88	63.7	71.1	10	10	10				7.9	9.6	6.4	24	21	62	1.2	33	6		1.7	0.9	63	65	1	0	35	31	1	3	131.6
Monaco	EU	2	32409	870000000	27000	Monaco	43.7333	7.4	N 43 deg 44	E 7 deg 24	100	100	100	100	100	100																													16204.5
Mongolia	AS	1564116	2791272	5332000000	1900	Ulaanbaatar	47.9167	106.8833	N 47 deg 55	E 106 deg 53	30	46	2	60	77	30	61.9	65.9	10	9	11				3.5	3.2	3.8	26	24	67	2.4	54	1		3	1.6	39	44	2	1	44	16	14	39	1.8
Morocco	AF	446550	32725847	1.35E+11	4200	Rabat	34.0333	-6.85	N 34 deg 02	W 6 deg 51	68	86	44	80	98	56	67.4	71.7	9	10	8				11.9	17.4	25.8	30	25	50	2.8	25	15		22.6	38.7	40	34	3	0	31	12	22	52	73.3
Mozambique	AF	801590	19406703	23380000000	1200	Maputo	-25.9667	32.5833	S 25 deg 58	E 32 deg 35	43	68	26	57	81	41	41	42.8	5	6	5							23	18	6	5.5	104	1300	56	23.4	50.8									24.2
Namibia	AF	825418	2030692	14760000000	7300	Windhoek	-22.9333	17.15	S 22 deg 56	E 17 deg 09	41	96	17	77	100	67	47.7	49.4	12	11	12				33.8	28.3	39		26	29	4	58	210	55	8.8	6.5									2.5
Nepal	AS	140800	27676547	39530000000	1500	Kathmandu	27.7167	85.3167	N 27 deg 43	E 85 deg 19	28	73	22	88	94	87	60.9	61.7	10	11	9							23	19	39	3.7	123	61	27	19.4	39.8	34	13	4	4	57	71	6	13	196.6
Netherlands	EU	41526	16407491	4.81E+11	29500	Amsterdam	52.3833	4.9	N 52 deg 23	E 4 deg 54	100	100	100	100	100	100	75.6	81	16	16	16	0.7	0.6	0.6	4.3	4.2	4.4	33	30	79	1.7	5	19	20			87	91			13	8	0	1	395.1
New_Zealand	AU	268680	4035461	92510000000	23200	Wellington	-41.2833	174.7833	S 41 deg 17	E 174 deg 47					100		76.7	81.3	18	17	19	0.5	0.5	0.5	4.7	4.4	5	27	25	75	2	26	1				76	87	9	4	15	8	0	1	15
Nicaragua	CA	129494	5465100	12340000000	2300	Managua	12.15	-86.2833	N 12 deg 09	W 86 deg 17	85	95	72	77	91	59	67.1	71.9				2.6	2.2	3.1	13.3	8.8	14.5	24	21	69	3.3	125	6	34	16.4	11.2	60	59	2	1	35	35			42.2
Niger	AF	1267000	12162856	9716000000	900	Niamey	13.5167	2.1167	N 13 deg 31	E 2 deg 07	20	79	5	59	70	56	44.2	44.3	3	3	2							24	18	14	7.9	271	70	56	73.8	85.8									9.6
Nigeria	AF	923768	128765768	1.26E+11	1000	Abuja	9.2	7.1833	N 9 deg 12	E 7 deg 11	54	66	45	62	78	49	43.1	43.5										27	21	13	5.8	153	3600	58	9.3	13.5	49	33	4	1					139.4
Norway	EU	324220	4593041	1.83E+11	40000	Oslo	59.9167	10.75	N 59 deg 55	E 10 deg 45				100	100	100	76.7	81.8	17	16	18	0.6	0.6	0.6	4.5	4.9	4	34	31	74	1.8	10	2				90	95			10	4	0	0	14.2
Oman	ME	212460	3001583	38090000000	13100	Muscat	23.6167	58.5833	N 23 deg 37	E 58 deg 35	92	98	61	39	41	30	72.7	75.6	10	11	10							26	22	24	3.8	50	1		0.4	2.7	88	88	2	1	10	9			14.1
Pakistan	AS	803940	162419946	3.47E+11	2200	Islamabad	33.7	73.1667	N 33 deg 42	E 73 deg 10	62	95	43	90	95	87	62.7	63.1				3	2.8	3.1	8.3	6.7	16.5	26	21	28	4.3	70	74	12	25.2	46.1	40	37	1	0	42	16	16	47	202
Palau	AU	458	20303	174000000	9000	Koror	7.35	134.4667	N 7 deg 21	E 134 deg 28	100	100	100	79	100	20	67.2	75.1	15	15	16																								44.3
Palestina	ME	6220	3761904	2568000000	700	Jerusalem	31.7833	35.2333	N 31 deg 47	E 35 deg 14	100	100	100	86	97	86	70.8	73.9	13	12	13				25.6	26.9	18.6	25	22		5.6	93			1.3	1.4	58	55	4	1	31	12	7	33	604.8
Panama	CA	78200	3140232	20570000000	6900	Panama_City	8.9667	-79.5333	N 8 deg 58	W 79 deg 32	92	99	83	90	99	79	72.2	77.4	12	12	13	1.6	1.4	1.9	13.6	10.5	18.8	26	22	58	2.7	89	16	41	3.5	4.4	60	75	4	2	34	19	3	4	40.2
Papua_New_Guinea	AU	462840	5545268	11990000000	2200	Port_Moresby	-9.5	147.1667	S 9 deg 30	E 147 deg 10	82	92	80	42	88	32	54.7	55.8	6	6	5				2.8	4.3	1.3		21	26	4.1	67	16	30	30.9	35.9									12
Paraguay	SA	406750	6347884	29930000000	4800	Asuncion	-25.2667	-57.6667	S 25 deg 16	W 57 deg 40	94	94	93	78	93	59	68.6	73.1	12	12	12				10.8	9	13.6	26	22	57	3.9	68	15	26	3.8	3.5	45	45	8	3	34	42			15.6
Peru	SA	1285220	27925628	1.55E+11	5600	Lima	-12.05	-77.05	S 12 deg 03	W 77 deg 03	71	79	49	80	87	62	67.3	72.4	14			2	1.9	2.4	10.3	9	11.9	27	23	69	2.9	55	82	34	2.2	4.3	57	43	7	2	33	35	2	6	21.7
Philippines	AS	300000	87857473	4.31E+11	5000	Manila	14.5833	121	N 14 deg 35	E 121 deg 00	83	93	69	86	91	79	68.1	72.4	12	12	12				9.8	9.4	10.3	27	24	49	3.2	39	9	22	5.5	4.3									292.9
Poland	EU	312685	38557984	4.63E+11	12000	Warsaw	52.2167	21.0333	N 52 deg 13	E 21 deg 02							70.2	78.4	15	15	16	1	0.9	1.1	19.6	19	20.4	28	25	49	1.3	15	14				70	76	5	2			4	7	123.3
Portugal	EU	92391	10566212	1.89E+11	17900	Lisbon	38.7167	-9.1333	N 38 deg 43	W 9 deg 08							73.8	80.5	16	16	17	0.7	0.7	0.7	6.3	5.5	7.2	27	24	66	1.5	20	22	20	1.3	1	72	75	9	4	18	19	1	2	114.4
Puerto_Rico	CA	9104	3911299	68950000000	17700	San_Juan	18.4833	-66.1333	N 18 deg 29	W 66 deg 8							71.6	80.5				0.7	0.6	0.7	12	12.8	10.9		23	78	1.9	62			2.9	1.6	80	92			19	7	0	1	429.6
Qatar	ME	11437	863051	19490000000	23200	Doha	25.2833	51.5333	N 25 deg 17	E 51 deg 32							71.1	75.8	13	12	13				3.9	2.3	12.6	29	26	43	3	19			5.9	4.2	99	100	1	0	1		0		75.5
Reunion	AF	2517	776948	4570000000	6000	Saint_Denis	-21.0833	55.4833	S 21 deg 5	E 55 deg 29							71.3	79.6				1	1	0.9				30	28	67	2.5	37			4.2	0.3									308.7
Romania	EU	237500	22329977	1.72E+11	7700	Bucharest	44.4333	26.1	N 44 deg 26	E 26 deg 06	53	86	10	58	91	16	67.7	75	12	12	13	1.3	1.3	1.2	7	7.5	6.4	27	24	64	1.3	36	7		2.3	2.2	63	62	2	1	27	14	8	23	94
Russia	AS	17075200	143420309	1.41E+12	9800	Moscow	55.75	37.5833	N 55 deg 45	E 37 deg 35				99	100	96	59.1	72.2	13	13	14				8.9	9.3	8.5	24	22	73	1.3	30	860	34	0.3	0.2	92	93	2	1	6	5	0	0	8.4
Rwanda	AF	26338	8440820	10430000000	1300	Kigali	-1.95	30.0667	S 1 deg 57	E 30 deg 04	8	12	8	41	60	40	41.9	45.3	8	8	8							26	23	13	5.7	49	250	57	22.8	24.1									320.5
Saint_Helena	AF	410	7460	18000000	2500	Mamoutzou	-12.7833	45.2333	S 12 deg 47	E 45 deg 14																																			18.2
Samoa	AU	2944	177287	1000000000	5600	Apia	-13.5833	-172.3333	S 13 deg 35	W 172 deg 20	99	95	100	99	95	100	67.1	73.5	12	12	12							27	24	34	4.4	37			0.6	0.5									60.2
San_Marino	EU	61	28880	940000000	34600	San_Marino	43.9333	12.45	N 43 deg 56	E 12 deg 27												0.7	0.7	0.8	3.1	1.5	5.5										87	91	13	9					473.4
Saudi_Arabia	ME	1960582	26417599	3.10E+11	12000	Riyadh	24.7	46.7167	N 24 deg 42	E 46 deg 43	100	100	100	95	100	64	69.9	73.8	10	10	10				5.2	4.2	11.5	26	22	32	4.1	35			1.9	6.3									13.5
Senegal	AF	196190	11706498	18360000000	1700	Dakar	14.6667	-17.4333	N 14 deg 40	W 17 deg 26	70	94	48	78	92	65	54.4	56.8	6										22	13	5	87	44	56	41.5	59									59.7
Serbia_and_Montenegro	EU	102350	10829175	26270000000	2400	Belgrade__	44.8333	20.5	N 44 deg 50	E 20 deg 30	100	100	99	98	99	97	70.9	75.6	13	13	13	1.2	3.1	3.3	15.2	14.4	16.4	27	23	58	1.7	25	10	20	0.6	0.7									105.8
Seychelles	AF	455	81188	626000000	7800	Victoria	-4.6167	55.45	S 4 deg 37	E 55 deg 27									14		14										2				1.2	0.6	73	86	2	1	20	4	1		178.4
Sierra_Leone	AF	71740	5867426	3335000000	600	Freetown	8.5	-13.25	N 8 deg 30	W 13 deg 15	66	88	53	57	75	46	39.3	42	7	8	6							28	20	4	6.5	192			53.1	70.1									81.8
Singapore	AS	693	4425720	1.21E+11	27800	Singapore	1.2833	103.85	N 1 deg 17	E 103 deg 51	100	100		100	100		76.7	80.5							5.4	5.5	5.3	30	27	62	1.4	6	4	24	0.6	0.4	82	92	7	2	11	5	0	1	6386.3
Slovakia	EU	48845	5431363	78890000000	14500	Bratislava	48.15	17.1167	N 48 deg 09	E 17 deg 07	100	100	100	100	100	100	70	77.9	14	13	14	1.2	1.2	1.2	17.5	17.2	17.7	28	25	74	1.2	21	0		0.4	0.3	87	94	4	2	9	4	0	0	111.2
Slovenia	EU	20273	2011070	39410000000	19600	Ljubljana	46.05	14.5167	N 46 deg 03	E 14 deg 31				100	100	100	72.6	79.9	16	15	17				6.6	6.1	7.1	32	30	74	1.2	6	1		0.2	0.2	83	89	4	2	9	3	3	6	99.2
Solomon_Islands	AU	28450	538032	800000000	1700	Honiara	-9.4667	159.8167	S 9 deg 28	E 159 deg 49	34	98	18	71	94	65	61.6	62.9													4.3	51													18.9
Somalia	AF	637657	8591629	4597000000	600	Mogadishu	2.0667	45.3667	N 2 deg 04	E 45 deg 22							45	47.3													6.4	71													13.5
South_Africa	AF	1219912	44344136	4.91E+11	11100	Pretoria	-25.75	28.1667	S 25 deg 45	E 28 deg 10	87	93	80	86	99	73	47.1	51	13	13	13				29.7	26.6	33.4	30	28	56	2.8	71	5300	57	6.3	5.6	82	79	15	15	3	4	1	1	36.4
Spain	EU	504782	40341462	9.38E+11	23300	Madrid	40.4	-3.6833	N 40 deg 24	W 3 deg 41							75.8	83.1	16	15	16				11.3	8.2	15.9	28	26	81	1.3	10	140	21			79	85	7	3	12	9	1	3	79.9
Sri_Lanka	AS	65610	20064776	80580000000	4000	Colombo	6.9333	79.85	N 6 deg 56	E 79 deg 51	94	97	93	77	98	70	71.3	76.7				2.2	2.3	2.1	9.2	6.4	14.6		25	66	2	20	4	17	4.9	4	59	60	4	1	35	19	4	21	305.8
Sudan	AF	2505810	40187486	76190000000	1900	Khartoum	15.6	32.5333	N 15 deg 36	E 32 deg 32	62	87	48	75	86	69	54.9	57.9	5									29	23	8	4.4	55	400	58	18.4	30.8									16
Suriname	SA	163270	438144	1885000000	4300	Paramaribo	4	-56	N 4 deg   	W 56 deg  	93	99	75	82	93	50	65.8	72.5	12	12	13				14	10	20			42	2.6	45	5	34	4.9	7.9	78	87	1	0	19	9	1	2	2.7
Swaziland	AF	17363	1138227	6018000000	5100	Mbabane	-26.3	31.1	S 26 deg 18	E 31 deg 06							32.5	33.4	10	10	10							29	26	28	4	39	220	55	13.2	10.6									65.6
Sweden	EU	449964	9001774	2.55E+11	28400	Stockholm	59.35	18.0667	N 59 deg 21	E 18 deg 4	100	100	100	100	100	100	77.8	82.3	19	17	21	0.5	0.5	0.5	4.9	5.3	4.4	35	32	78	1.6	7	4	26			86	95	14	5			0	0	20
Switzerland	EU	41290	7489370	2.52E+11	33800	Bern__	46.95	7.4333	N 46 deg 57	E 7 deg 26	100	100	100	100	100	100	77.6	83.1	16	16	15	0.6	0.6	0.6	4.1	3.8	4.5	32	29	82	1.4	5	13	30			80	85	9	4	9	8	2	3	181.4
Syria	AF	185180	18448752	60440000000	3400	Damascus	33.5	36.3	N 33 deg 30	E 36 deg 18	90	98	81	80	94	64	71.4	74.9	9			2	1.8	2.3	11.7	8.3	24.1			36	3.5	36	1		2.9	7									99.6
Taiwan	AS	35980	22894384	5.76E+11	25300	Taipei	25.0333	121.6333	N 25 deg 02	E 121 deg 38																																			636.3
Tajikistan	AS	143100	7163506	7950000000	1100	Dushanbe	38.5833	68.8	N 38 deg 35	E 68 deg 48	90	97	88	60	93	47	61	66.3	11	12	10				2.7	2.4	2.9	23	21	34	3.8	32	0		0.2	0.2									50.1
Tanzania	AF	945087	36766356	23710000000	700	Dar_es_Salaam	-6.8	39.2833	S 6 deg 48	E 39 deg 17	90	99	86	68	90	57	45.6	46.4	5	5	5				5.1	4.4	5.8	25	21	25	5	118			19.1	23.8									38.9
Thailand	AS	514000	64185502	5.25E+11	8100	Bangkok	13.75	100.5167	N 13 deg 45	E 100 deg 31	96	96	96	84	95	81	66	73.7	12	13	12				1.5	1.6	1.4	26	24	72	1.9	49	570	36	1.9	2.2	41	40	5	1	38	23	16	35	124.9
Togo	AF	56785	5399991	8684000000	1600	Lome	6.1333	1.2167	N 6 deg 08	E 1 deg 13	34	69	17	54	85	38	52.3	56.2	10	12	8							27	21	26	5.4	104	110	56	16.9	36.7									95.1
Tonga	AU	748	112422	244000000	2300	Nuku_alofa	-21.1333	-175.2	S 21 deg 08	W 175 deg 12				100	100	100	70.9	73.4	13	13	14							28	26		3.5	13			0.8	0.6	43	40	1	0	26	25	30	34	150.3
Trinidad_and_Tobago	CA	5128	1075066	11480000000	10500	Port-of-Spain	10.65	-61.5167	N 10 deg 39	W 61 deg 31	99			90			66.9	73	11	11	12				10.4	7.8	14.5	30	27	38	1.6	37	29	50	0.2	0.2	74	82	6	3	18	12	0	2	209.6
Tunisia	AF	163610	10074951	70880000000	7100	Tunis	36.8333	10.15	N 36 deg 50	E 10 deg 09	84	96	62	80	92	58	71.1	75.3	13						14.3			30	27	60	2	7	1		3.6	7.8									61.6
Turkey	AS	780580	69660559	5.09E+11	7400	Ankara	39.9333	32.8667	N 39 deg 56	E 32 deg 52	90	97	70	82	81	86	66.3	70.9	11	12	10	1.3	1.3	1.4	10.5	10.7	10.1		22	64	2.5	45			1.6	5.2	55	38	7	1	30	12	8	49	89.2
Turkmenistan	AS	488100	4952081	27600000000	5700	Ashgabat	37.95	58.3833	N 37 deg 57	E 58 deg 23							58.2	66.7											23	62	2.8	17	0		0.2	0.2									10.1
Tuvalu	AU	26	11636	12200000	1100	Vaiaku	-8.5167	179.2	S 8 deg 31	E 179 deg 12							62.4	64.7	11		10																								447.5
Uganda	AF	236040	27269482	39390000000	1500	Kampala	0.3167	32.4167	N 0 deg 19	E 32 deg 25	79	93	77	52	80	47	46.5	47.1	11	12	11				3.2	2.5	3.9	23	20	23	7.1	211	530	60	13.7	26									115.5
Ukraine	EU	603700	46996765	2.99E+11	6300	Kiev	50.4333	30.5167	N 50 deg 26	E 30 deg 31	99	100	98	98	100	94	60.1	72.5	13	13	14				9.1	9.4	8.8		22	68	1.1	30	360	33	0.2	0.2	88	87			11	11	1	2	77.8
United_Arab_Emirates	ME	82880	2563212	63670000000	25200	Abu_Dhabi	24.4667	54.3667	N 24 deg 28	E 54 deg 22							76.3	80.6	11						2.3	2.2	2.6	26	23	28	2.5	22	51	30	11.8	5									30.9
United_Kingdom	EU	244820	60441457	1.78E+12	29600	London	51.5	-0.1667	N 51 deg 30	W 0 deg 10	100	100	100	100	100	100	75.9	80.6	22	20	23	0.5	0.5	0.4	4.8	5.5	4.1	28	26	84	1.7	28	1600	56			83	92			17	7	0	0	246.9
United_States	NA	9631418	295734134	1.18E+13	40100	Washington	38.8833	-77.0333	N 38 deg 53	W 77 deg 02	100	100	100	100	100	100	74.6	80	16	15	16	0.5	0.5	0.5	6	6.3	5.7	29	26	76	2	51	950	26			91	94			9	6	0	0	30.7
Uruguay	SA	176220	3415920	49270000000	14500	Montevideo	-34.8833	-56.1833	S 34 deg 53	W 56 deg 11	94	95	85	98	98	93	71.6	78.9	15	13	15	1	1	1	16.9	13.5	20.8	26	23		2.3	70	6	33	1.2	0.6	66	76	5	2	29	20	1	2	19.4
Uzbekistan	AS	447400	26851195	47590000000	1800	Tashkent	41.2667	69.2167	N 41 deg 16	E 69 deg 13	89	97	85	85	94	79	63.3	69.7	11										21	68	2.7	37	11	34	0.3	0.4									60
Vanuatu	AU	12200	205754	580000000	2900	Port_Vila	-17.75	168.3	S 17 deg 45	E 168 deg 18	100	100	100	88	63	94	66.8	70.4	9									25	23	15	4.2	52													16.9
Venezuela	SA	912050	25375281	1.45E+11	5800	Caracas	10.5	-66.9333	N 10 deg 30	W 66 deg 56	68	71	48	83	85	70	69.9	75.8	11	11	12				15.8	14.3	18.1	25	22	52	2.7	92	110	32	3.7	1.9	60	57	9	3	29	37			27.8
Vietnam	AS	329560	83535576	2.27E+11	2700	Hanoi	21.0333	105.85	N 21 deg 02	E 105 deg 51	47	82	38	77	95	72	68.4	72.4	11	11	10				2.8	2.3	3.2		22	79	2.3	21	220	33	5.8	6.4									253.5
Yemen	ME	527970	20727063	16250000000	800	Sana_a	15.35	44.2	N 15 deg 21	E 44 deg 12	38	89	21	69	74	68	59.1	61.7	8	11	5				11.5	12.5	8.2		21	21	6.2	98	12		15.7	49.1									39.3
Zambia	AF	752614	11261795	9409000000	900	Lusaka	-15.4167	28.2833	S 15 deg 25	E 28 deg 17	78	99	64	64	88	48	37.9	36.9	7	7	7							26	21	34	5.7	133	920	57	27.4	33.9									15
Zimbabwe	AF	390580	12160782	24370000000	1900	Harare	-17.8333	31.05	S 17 deg 50	E 31 deg 03	62	71	57	83	100	73	37.5	36.9	9	10	9				6	7.3	4.6	26	21	54	3.6	97	1800	58	1.1	3.8									31.1