var o, p;
o = [
	Array.prNew(65)
];
p = [
	// Array
	0, [ -85.90045212614649,  -57.3775212967269,  -56.770703428194075,  -35.11975175936202,  
		-65.97971323725167,  -98.41197114188682,  1.134608914007528,  -94.60655495670255,  
		-6.262413384378972,  -10.140006789638884,  -17.77762416638065,  -47.871552078081876,  
		-51.36263509348561,  -36.05156209958222,  -75.91479144759805,  -84.41753799560088,  
		-73.60183414003708,  -55.97980848991837,  -133.21652035264697,  -49.85964207571699,  
		-78.34672881567295,  -91.87881869663705,  2.723689718183508,  -70.15385851649219,  
		-46.584557166348965,  -67.40007048784462,  -49.10480346145818,  -81.28312259863826,  
		-3.8478547002947208,  -53.60070541694585,  -106.0845682232957,  -19.508599032527794,  
		-26.788142672296594,  -47.13674585289232,  -128.26202107119227,  -29.02766181040625,  
		-39.84228647775012,  -65.8292392033998,  -37.617684719045165,  -32.408614916813185,  
		-64.43456259200228,  -30.99753259397699,  -74.4909936097815,  -12.829723551337526,  
		-27.271049209551332,  -12.20700565251235,  -118.10390221401484,  -79.6666560267949,  
		-127.23473384255753,  -16.36425284852707,  -19.71621780331885,  -48.80981497511377,  
		-35.8889971051552,  -93.16678471847666,  -57.08303380893551,  -102.97084137873625,  
		-9.133162534280657,  -11.834915536381292,  -72.9784141649519,  -40.840578828236396,  
		-13.757011756980038,  1.560902304692002,  -65.38735908832723,  -108.50477506892003,  
		-16.60910869512438 ]
];
prUnarchive(o,p);
