var o, p;
o = [
	Array.prNew(65)
];
p = [
	// Array
	0, [ -0.007634742056363317,  0.0011468285141978674,  -0.0013809170810708885,  0.004251093130243085,  
		-0.004607711802207114,  -0.052452970912287095,  0.05575722189605293,  0.002666003103560563,  
		-0.004828773036794035,  0.008511884897384553,  0.017831607446159303,  -0.02829263193660901,  
		0.0022677300682749646,  0.008439196184811995,  -0.010853619174294588,  -0.0003589385714765428,  
		0.011206982742391007,  0.010045603328278002,  0.0002704615339789024,  -0.019362836411267584,  
		-0.0004024211891611659,  -3.499041591149138e-05,  -0.00038572493977468564,  0.0008018808552138768,  
		-0.0031157701567819038,  0.0034916850337667754,  -0.00024295721902111572,  0.00023613431519879657,  
		0.003876613898273998,  0.0022563771756881137,  -0.00716429047663332,  0.0007115805985126525,  
		-0.00025946074761361293,  0.010663216604810753,  0.0001353270595777084,  -0.011037349271802076,  
		0.012126569998585003,  0.007342991245858729,  0.008884170779275155,  -0.03159359332805051,  
		0.006390604397258769,  0.026737746348274007,  -0.0047856660954590236,  -0.024313042902786956,  
		0.00322686199312177,  0.005689499396095421,  0.0003861885505620083,  -0.00940440490483753,  
		-0.00014110425383614955,  0.00016171190056753215,  -0.0033602082141862624,  0.019709291020666743,  
		0.0012138217189109346,  0.006383479241176132,  -0.02326761969973655,  0.00031560336173117737,  
		0.013207402702023134,  -0.006275995871065962,  -0.008173028398719959,  0.00010776079362573993,  
		-0.04697496813162555,  0.07081462358825208,  -0.010181640177297696,  -0.01420220103352729,  
		0 ]
];
prUnarchive(o,p);
